0.596761 
2.72358 
4.32136 
0.143301 
0.786865 
1.62462 
0.0725777 
0.861388 
1.92574 
0.428387 
1.99316 
1.09734 
1.54319 
2.92329 
4.60624 
0.275713 
1.60902 
8.35428 
1.58739 
4.7474 
0.203856 
0.348542 
2.73865 
1.43991 
0.185157 
2.59711 
1.41652 
0.372302 
2.33947 
1.88771 
1.29621 
0.594053 
2.89578 
0.544588 
0.596658 
2.30273 
3.37269 
0.257704 
3.64557 
2.68598 
1.85349 
5.21164 
1.86811 
0.306746 
0.768251 
1.6672 
1.18074 
4.26995 
1.03795 
1.23037 
6.22763 
2.05007 
0.507131 
1.68271 
1.21131 
1.04398 
1.71141 
4.21753 
0.658314 
3.98458 
2.02049 
3.01991 
1.50279 
0.616709 
0.914501 
0.0477436 
0.527469 
2.3498 
0.315656 
1.77326 
0.751087 
2.12117 
3.77424 
2.11442 
5.65941 
0.20277 
2.47091 
0.891175 
1.21006 
0.0545624 
1.5069 
0.664501 
1.46787 
1.979 
0.57709 
1.58414 
0.311514 
1.37834 
0.613404 
1.28346 
4.47021 
1.6678 
1.87242 
1.86329 
3.74492 
1.7626 
5.09758 
2.60056 
2.15204 
0.355025 
1.81444 
0.295588 
5.62725 
0.0692916 
2.45822 
1.07496 
2.20598 
4.61916 
0.105638 
1.87669 
2.51302 
0.245108 
0.390343 
1.1424 
2.07427 
2.73057 
4.37557 
0.713685 
6.13347 
0.919429 
1.34392 
0.407906 
1.31577 
0.327731 
0.266301 
1.79879 
0.215782 
0.675826 
1.04468 
2.13344 
1.71292 
1.74409 
2.92593 
6.31481 
0.186379 
1.80383 
1.33968 
1.18123 
0.237502 
0.231637 
1.70445 
3.23258 
0.370698 
1.11843 
6.32336 
0.824937 
0.796349 
0.492363 
0.621965 
2.29488 
0.0850086 
1.22356 
0.100502 
2.04134 
0.707237 
1.59636 
3.13822 
0.763522 
6.12878 
1.39551 
1.18061 
3.83846 
0.0662848 
0.646567 
0.621057 
8.06745 
4.52915 
1.84657 
5.04794 
0.468968 
0.296417 
0.923434 
0.665022 
0.0676877 
2.21692 
0.00868291 
0.389148 
1.21178 
0.607338 
5.73616 
1.46978 
0.612819 
3.25504 
0.791847 
1.61511 
4.59945 
1.26599 
3.10957 
2.57214 
3.22127 
0.577384 
2.05645 
2.25652 
1.09147 
1.05947 
1.58922 
1.51524 
0.340632 
0.288291 
0.25484 
3.52142 
0.0542635 
3.6512 
8.31213 
2.22962 
0.12318 
1.90676 
0.440005 
1.44208 
2.09945 
1.08576 
1.32534 
0.703226 
0.0523622 
2.48668 
5.97186 
1.90005 
0.0585927 
0.758979 
0.0770144 
8.66369 
0.315223 
1.37106 
4.25201 
0.712463 
0.414631 
0.91625 
1.06412 
3.88776 
5.1788 
1.37816 
4.77281 
2.71484 
0.312064 
1.72207 
2.5161 
0.512428 
7.00798 
0.0787598 
0.837979 
0.241916 
1.43807 
5.05819 
0.0741707 
0.0890164 
1.26879 
4.43444 
3.31957 
1.34239 
0.751812 
0.453812 
2.18915 
0.241421 
0.213456 
1.0955 
1.59085 
1.24445 
0.869075 
0.126728 
4.42841 
0.460512 
0.0743917 
2.15018 
0.0831029 
2.0314 
1.22576 
0.159472 
2.69006 
2.01546 
0.107704 
0.749243 
0.637933 
0.518246 
1.76956 
3.03638 
1.8793 
1.0988 
1.40375 
0.307674 
0.795028 
0.283267 
0.219187 
0.930176 
0.779056 
1.75547 
1.48708 
5.58936 
0.880463 
6.62359 
1.40071 
1.13763 
1.30332 
1.76483 
0.411362 
0.592713 
0.526828 
0.371103 
1.96411 
0.990102 
1.42654 
5.36195 
3.52411 
0.288643 
0.616293 
0.882193 
1.7277 
1.49672 
0.0717453 
2.46655 
9.57908 
0.126609 
2.14876 
2.20841 
1.00791 
0.299468 
2.23777 
2.53078 
1.59007 
0.0509378 
1.65187 
0.523047 
0.425411 
1.81445 
4.32902 
1.88884 
1.64184 
0.600546 
3.66963 
1.75498 
1.98913 
0.914972 
1.3876 
0.934208 
1.021 
0.0789632 
4.7853 
0.446174 
0.848578 
2.68696 
0.583317 
4.20235 
3.18595 
1.39121 
1.19084 
4.67666 
1.63608 
2.31807 
2.33535 
1.49257 
0.0715241 
0.227114 
1.02962 
2.58129 
0.862128 
1.55605 
4.61671 
0.447749 
2.356 
5.00983 
5.26944 
2.46864 
1.51555 
6.51295 
3.20026 
3.28454 
0.77593 
0.826855 
2.90266 
2.78804 
0.356902 
4.62943 
2.0525 
0.371681 
1.51034 
4.8781 
3.10356 
7.79741 
0.713585 
0.406175 
1.08434 
3.08355 
0.5521 
0.633112 
5.34888 
3.10533 
0.0175444 
2.50766 
5.75473 
0.187083 
2.80169 
2.07735 
7.20678 
0.435163 
1.18243 
1.37162 
0.529392 
3.5371 
2.30209 
0.41577 
2.65902 
1.80263 
0.581533 
0.491948 
0.0313025 
7.03819 
1.70896 
2.34129 
0.0136589 
1.4344 
2.01391 
0.565004 
0.00442841 
1.63144 
1.40637 
0.541428 
0.381404 
1.61049 
0.532706 
3.22484 
2.66035 
0.905641 
6.61255 
0.0247898 
3.64956 
3.28954 
0.882451 
1.00501 
0.855399 
2.69773 
0.147313 
0.403079 
8.73173 
0.792593 
0.0758754 
0.570949 
2.339 
2.99648 
1.40283 
0.447127 
0.935661 
1.91593 
0.850753 
0.46329 
9.9148 
1.98226 
1.81021 
0.152211 
0.443826 
9.92121 
1.15054 
3.49266 
1.617 
2.2048 
2.8917 
0.429128 
2.97723 
1.66758 
1.0344 
2.04906 
2.10531 
0.122011 
4.48356 
0.795522 
0.88446 
0.317228 
7.62025 
1.26009 
1.75825 
0.106607 
4.04312 
0.010677 
0.835484 
2.13331 
1.73299 
2.38915 
1.95841 
1.04458 
0.390061 
1.28727 
1.00913 
0.329472 
9.528 
0.0311757 
0.824207 
0.357629 
2.31562 
7.10661 
4.39463 
6.30935 
1.95993 
1.12733 
4.4558 
5.7054 
0.641057 
0.597948 
2.34966 
1.04769 
1.24955 
2.66186 
0.245903 
1.84976 
1.0634 
4.31162 
0.0204159 
1.76603 
2.50318 
0.345145 
0.595974 
4.34137 
0.310082 
2.55174 
0.678674 
1.00618 
0.587272 
3.53916 
2.20887 
4.08998 
1.74966 
0.491079 
4.34442 
1.08311 
3.93716 
2.61926 
0.955053 
0.218786 
1.59534 
2.19655 
1.44368 
0.13692 
0.823452 
2.50843 
0.812767 
0.517717 
3.30062 
1.10309 
1.63036 
1.33591 
4.4242 
2.5576 
1.63377 
1.63763 
4.45198 
2.37793 
1.15252 
1.55158 
0.652646 
4.6041 
0.770393 
0.49592 
1.01017 
0.550716 
3.54587 
0.637253 
3.16257 
5.5493 
1.23461 
0.40873 
3.55685 
1.53482 
1.52619 
2.52818 
2.31793 
8.81423 
0.29051 
1.21524 
1.90649 
2.30254 
1.25982 
0.284227 
8.40815 
0.293025 
1.42876 
0.292126 
5.10701 
0.0931971 
0.874462 
0.492852 
1.30055 
4.66662 
0.220402 
2.30258 
3.8889 
2.5196 
0.460891 
1.82832 
0.870763 
1.52879 
0.76889 
2.07757 
0.0853057 
0.0359318 
2.077 
3.97525 
0.466174 
2.21578 
2.07105 
0.370516 
2.62861 
4.78512 
6.7979 
0.108819 
2.11176 
4.285 
0.582294 
2.20054 
2.20767 
1.3605 
1.19275 
0.327376 
0.508225 
0.426967 
0.320332 
2.0771 
0.274056 
0.16974 
8.17385 
7.01444 
3.68328 
2.26732 
0.574528 
1.78966 
2.1332 
0.30498 
1.14632 
0.462204 
1.89521 
0.513912 
1.91032 
1.06865 
0.244774 
2.3181 
0.257667 
0.0928003 
0.0553458 
0.253409 
1.58544 
0.260198 
0.890871 
1.21014 
2.8013 
1.33327 
1.25809 
0.552643 
2.46306 
1.56387 
0.543729 
1.58824 
5.9851 
3.71138 
6.03694 
0.410042 
2.32035 
0.407467 
1.62739 
1.39161 
0.503093 
7.38179 
5.15645 
0.161188 
3.31602 
0.962512 
1.63085 
2.08083 
1.24964 
0.449962 
4.05005 
0.610261 
0.902602 
1.69303 
8.39597 
0.0812973 
1.95783 
0.978381 
1.06298 
1.54559 
0.98303 
1.16109 
0.4162 
1.40916 
0.30803 
2.55549 
1.07283 
1.01095 
2.32682 
2.70874 
6.57097 
0.210097 
0.539531 
1.74334 
1.78824 
4.25278 
0.460173 
1.03362 
0.236263 
8.46389 
2.1832 
4.47187 
2.35722 
4.21699 
0.992707 
4.101 
0.0779427 
3.92855 
0.470726 
4.0014 
1.99803 
3.13494 
2.09798 
0.830374 
2.45941 
0.991985 
0.927572 
0.73917 
2.15962 
0.0857115 
0.0739824 
0.437114 
1.7019 
1.97086 
3.43667 
0.872469 
2.91196 
4.53935 
0.257904 
2.66611 
0.287675 
1.62536 
2.48545 
0.924864 
1.41877 
2.30715 
1.73569 
1.93956 
0.145235 
0.153289 
4.2681 
6.89002 
2.54617 
1.10819 
0.194057 
1.65297 
1.74887 
3.31243 
0.662074 
0.50062 
1.14436 
0.249686 
1.69071 
0.585508 
0.395735 
1.22161 
0.790998 
0.457614 
2.80297 
0.641611 
1.86417 
1.89761 
3.00869 
4.15909 
0.716215 
2.44034 
6.42265 
0.159761 
1.40601 
0.223056 
0.0370954 
4.54275 
0.591429 
0.628246 
1.54017 
0.43885 
7.92186 
0.622927 
0.07507 
3.94334 
2.23677 
3.96214 
0.276813 
2.57542 
3.44697 
3.04781 
2.04657 
1.37204 
8.99093 
1.638 
5.24545 
2.32374 
1.38318 
0.653426 
0.155902 
0.198349 
4.60252 
7.10375 
0.572139 
0.329233 
0.0196711 
0.691408 
5.52772 
0.046938 
3.92278 
1.6342 
3.61216 
5.97584 
1.72959 
0.9223 
0.209241 
2.65775 
1.31361 
1.24493 
5.84929 
1.08825 
1.49029 
0.795501 
1.54218 
0.0516874 
1.97535 
1.53809 
1.39862 
2.67417 
0.50145 
2.9573 
0.767771 
3.67169 
0.307563 
1.45051 
0.0754469 
2.8701 
0.312676 
1.12523 
4.02282 
1.90148 
0.489385 
4.61455 
2.20557 
1.24214 
1.68367 
1.45071 
1.9145 
0.930797 
5.85941 
1.78235 
0.304026 
3.39913 
0.762142 
0.250831 
2.32156 
1.02589 
1.81794 
0.173839 
1.48181 
1.05168 
0.166339 
2.06003 
1.74884 
0.455001 
1.44825 
1.92262 
0.817694 
4.98522 
1.14271 
3.89694 
1.54342 
4.38237 
1.48268 
0.637475 
0.677345 
4.58053 
1.24291 
1.35342 
0.823482 
5.1235 
2.05856 
5.55491 
1.8232 
1.88733 
2.52335 
0.94818 
0.625814 
0.105419 
0.358497 
0.374618 
1.01693 
3.47321 
1.47206 
0.419953 
0.504786 
0.299283 
0.33179 
3.21206 
0.162591 
1.15217 
3.76241 
0.157468 
0.111601 
0.613602 
3.58839 
0.68074 
4.81769 
8.4975 
0.770184 
0.390305 
1.32243 
6.40042 
1.25671 
1.30957 
1.26223 
0.14764 
0.662443 
0.3784 
7.72263 
1.61122 
2.08458 
1.05923 
1.88228 
2.60316 
3.63835 
0.82618 
4.18951 
1.69222 
0.26189 
1.38202 
7.73324 
0.185364 
1.1006 
3.09369 
0.714847 
3.31065 
6.26249 
0.319195 
0.862129 
1.79212 
2.37776 
5.73671 
1.30634 
0.806221 
7.72493 
1.23357 
0.164774 
1.76542 
0.299481 
1.51594 
0.885338 
1.17275 
1.8532 
1.62687 
1.52235 
0.891068 
2.22142 
1.53441 
1.76715 
1.70701 
0.895476 
3.56807 
0.199501 
7.7406 
1.99326 
2.54133 
1.6104 
0.816553 
4.50011 
1.98613 
0.229771 
2.94549 
2.14034 
4.91415 
1.13987 
0.560575 
7.60068 
0.753487 
0.610412 
2.47331 
0.94901 
0.0504862 
2.11044 
0.124714 
1.78121 
3.30636 
1.55833 
0.531419 
1.57511 
0.267873 
1.85894 
0.131874 
4.49912 
0.923808 
4.79733 
2.53759 
0.579336 
4.20309 
0.0937719 
3.53606 
3.38934 
0.368824 
1.1146 
0.642441 
0.206755 
3.97418 
3.04486 
0.954815 
2.24944 
3.26636 
0.71422 
0.284085 
2.21408 
3.09176 
4.33915 
0.0734044 
0.48195 
2.32479 
0.0840707 
0.171907 
0.241715 
0.538747 
1.99453 
0.107066 
0.0468219 
1.4759 
0.349976 
4.22274 
0.38183 
0.660127 
0.0782929 
0.538014 
2.88025 
4.58447 
1.37069 
2.69018 
0.598269 
0.694803 
2.17717 
2.93291 
5.54778 
0.881015 
0.246461 
0.990823 
6.40011 
1.68089 
3.54249 
2.02619 
0.393943 
2.76893 
1.63887 
1.0056 
0.679069 
0.0753034 
1.65361 
0.286476 
2.81269 
0.73483 
2.3721 
