0.895142 
9.59498 
1.80019 
0.214952 
1.41186 
1.62462 
0.108866 
2.58542 
6.5421 
0.855241 
8.23107 
2.65258 
1.96307 
3.32558 
2.07762 
7.39033 
6.19484 
2.15299 
1.85663 
7.32713 
6.36021 
4.07866 
0.305784 
0.522813 
2.87834 
2.31234 
3.81223 
1.78355 
3.14484 
0.277735 
2.59711 
2.45931 
2.08376 
7.11948 
1.15539 
2.89337 
0.891079 
5.46908 
8.99533 
0.894987 
7.03239 
6.0343 
0.386557 
2.69812 
2.51119 
5.84542 
2.4627 
2.27808 
4.96003 
3.54364 
0.290882 
8.01392 
0.269137 
2.13344 
2.3602 
2.93206 
7.74346 
2.12781 
2.5238 
2.02442 
1.21514 
7.88926 
3.56974 
2.7448 
4.90201 
1.45669 
4.00632 
1.81265 
4.14273 
3.29138 
6.36339 
5.61618 
4.02392 
9.26578 
4.6471 
1.76762 
2.43938 
0.693098 
1.94687 
0.821802 
2.22828 
6.29263 
1.40138 
1.09363 
1.7982 
2.09941 
1.12252 
0.772905 
4.9491 
4.60118 
2.74261 
0.0818435 
1.06416 
2.52822 
7.98718 
1.46301 
3.96281 
1.979 
1.58803 
2.17587 
5.88982 
4.50093 
3.03709 
0.920106 
2.87105 
1.83724 
3.54366 
0.361832 
1.86329 
2.87198 
2.6902 
0.209586 
7.03328 
2.52425 
2.16055 
1.95044 
1.97479 
2.67941 
0.860018 
0.754947 
2.10295 
7.40097 
1.64744 
1.64587 
8.28116 
3.90921 
2.51302 
0.367661 
0.585514 
2.6242 
